Q_evap= 24.099554253133928
barrier= -221.467258473
penalty= 0
