Q_evap= 36.79141279927918
barrier= -231.228368093
penalty= 0
