Q_evap= 27.880730694047426
barrier= -237.863461977
penalty= 0
