Q_evap= 36.79141279927918
barrier= -235.391977474
penalty= 0
