Q_evap= 27.410033081261346
barrier= -236.335948435
penalty= 0
