Q_evap= 40.58429383341762
barrier= -230.004575107
penalty= 0
