Q_evap= 10.434040247388594
barrier= -230.369466405
penalty= 0
