Q_evap= 23.31914721073467
barrier= -236.764206491
penalty= 0
