Q_evap= 38.03503945979704
barrier= -240.906488444
penalty= 0
