Q_evap= 46.63829442146934
barrier= -230.237935158
penalty= 0
