Q_evap= 34.978720816102
barrier= -235.577308701
penalty= 0
