Q_evap= 42.41823170993103
barrier= -237.666169831
penalty= 0
