Q_evap= 46.63829442146934
barrier= -232.338615213
penalty= 0
