Q_evap= 20.86808049477719
barrier= -229.324783609
penalty= 0
