Q_evap= 41.650413139462565
barrier= -234.90466971
penalty= 0
