Q_evap= 43.678149903752114
barrier= -232.18807676
penalty= 0
