Q_evap= 46.63829442146934
barrier= -234.385122213
penalty= 0
