Q_evap= 52.468081224153
barrier= -233.787884591
penalty= 23187.128695841184
