Q_evap= 40.80850761878567
barrier= -234.981664892
penalty= 0
