Q_evap= 44.54605056469323
barrier= -236.026360281
penalty= 0
