Q_evap= 46.63829442146934
barrier= -233.367335899
penalty= 0
