Q_evap= 33.11175598096151
barrier= -218.133888636
penalty= 0
