Q_evap= 44.12734814348608
barrier= -234.640227255
penalty= 0
