Q_evap= 45.174335774366966
barrier= -233.285012497
penalty= 0
