Q_evap= 49.55318782281116
barrier= -234.086585179
penalty= 606.8591187086432
