Q_evap= 43.7234010201275
barrier= -234.683498732
penalty= 0
