Q_evap= 45.59748934636355
barrier= -235.205145982
penalty= 0
