Q_evap= 46.63829442146934
barrier= -233.877762976
penalty= 0
