Q_evap= 45.37844962617255
barrier= -234.513316664
penalty= 0
