Q_evap= 47.35853587276946
barrier= -234.874199597
penalty= 72.66471372365022
