Q_evap= 45.910272299839626
barrier= -233.834611603
penalty= 0
