Q_evap= 48.09574112214025
barrier= -234.235875216
penalty= 93.83917467841394
