Q_evap= 45.18084772079842
barrier= -234.53434157
penalty= 0
