Q_evap= 45.90931441011039
barrier= -235.082429303
penalty= 0
