Q_evap= 47.36870454215141
barrier= -233.608494585
penalty= 62.79809804246978
