Q_evap= 46.119057571787465
barrier= -234.795191624
penalty= 0
