Q_evap= 42.22280192758197
barrier= -211.507647767
penalty= 0
