Q_evap= 46.63829442146934
barrier= -234.131846576
penalty= 0
