Q_evap= 46.00726351644614
barrier= -234.449385588
penalty= 0
