Q_evap= 46.99937960026563
barrier= -234.660663938
penalty= 3.96436328792143
