Q_evap= 46.27526416665812
barrier= -234.109748864
penalty= 0
