Q_evap= 42.22280192758197
barrier= -215.717713485
penalty= 0
