Q_evap= 32.157716632075385
barrier= -216.726235318
penalty= 0
