Q_evap= 48.199108506267855
barrier= -219.003829247
penalty= 0
