Q_evap= 90.72293234971622
barrier= -230.696881111
penalty= 69.10930986343172
