Q_evap= 87.78896063311015
barrier= -231.925540253
penalty= 0
