Q_evap= 91.82392913048929
barrier= -232.306891886
penalty= 90.02502714277452
