Q_evap= 83.82305292367808
barrier= -233.609198934
penalty= 0
