Q_evap= 85.74356340446818
barrier= -232.133939709
penalty= 0
