Q_evap= 89.79086602459643
barrier= -233.763365024
penalty= 495.2928441891887
