Q_evap= 84.13108727339721
barrier= -233.319696073
penalty= 0
