Q_evap= 91.44683399282307
barrier= -232.565082827
penalty= 158.59947068401584
