Q_evap= 85.5207873088844
barrier= -234.675635381
penalty= 0
