Q_evap= 90.06998482773409
barrier= -231.221267282
penalty= 35.531508795611614
