Q_evap= 86.30251844601938
barrier= -234.070971144
penalty= 0
