Q_evap= 89.26233760337561
barrier= -231.817793442
penalty= 5.485100517121212
