Q_evap= 87.78896063311015
barrier= -232.435583013
penalty= 0
