Q_evap= 89.79752778118929
barrier= -232.621133522
penalty= 7.293110470673489
