Q_evap= 85.79765183950725
barrier= -233.269153856
penalty= 0
