Q_evap= 86.7717908975313
barrier= -232.536653366
penalty= 0
