Q_evap= 88.7952594594863
barrier= -233.351495272
penalty= 51.8050311152833
