Q_evap= 85.9600239532537
barrier= -233.131099983
penalty= 0
