Q_evap= 89.61789731296662
barrier= -232.753792976
penalty= 20.32597503316745
