Q_evap= 86.65330258898875
barrier= -233.807810182
penalty= 0
