Q_evap= 88.9278312622166
barrier= -232.080127332
penalty= 2.113797123328649
