Q_evap= 87.04739075900206
barrier= -233.506143972
penalty= 0
