Q_evap= 88.52726435684762
barrier= -232.379265392
penalty= 0
