Q_evap= 88.52726435684762
barrier= -232.126790086
penalty= 0
