Q_evap= 89.52749019988103
barrier= -232.219678919
penalty= 5.508376881891843
