Q_evap= 87.53134464547405
barrier= -232.540236866
penalty= 0
