Q_evap= 88.02284185630106
barrier= -232.174864412
penalty= 0
