Q_evap= 89.02899579017279
barrier= -232.584384028
penalty= 17.430381311466803
