Q_evap= 87.40270556997197
barrier= -232.009728346
penalty= 0
