Q_evap= 86.29537539166299
barrier= -232.868216101
penalty= 0
