Q_evap= 88.51316063546993
barrier= -231.15445407
penalty= 0.04460999000116368
