Q_evap= 88.11933595368336
barrier= -231.449901923
penalty= 0
