Q_evap= 88.11933595368336
barrier= -231.198619514
penalty= 0
