Q_evap= 89.09510314619028
barrier= -231.296166211
penalty= 3.346522766947803
