Q_evap= 87.14776959444781
barrier= -231.605226816
penalty= 0
