Q_evap= 87.63080726447578
barrier= -231.242544496
penalty= 0
