Q_evap= 88.60528040724226
barrier= -231.65798844
penalty= 8.47274609820711
