Q_evap= 86.6829463494133
barrier= -232.569540451
penalty= 0
