Q_evap= 90.37158236428195
barrier= -232.188952003
penalty= 43.64270361106255
