Q_evap= 87.39399613137974
barrier= -233.242361462
penalty= 0
