Q_evap= 89.66373454959238
barrier= -231.519249642
penalty= 13.564039147797004
