Q_evap= 22.54078602534612
barrier= -227.786921042
penalty= 0
