Q_evap= 33.077589646321115
barrier= -213.700968311
penalty= 0
