Q_evap= 27.32448830202291
barrier= -230.851471462
penalty= 0
