Q_evap= 22.54078602534612
barrier= -232.64278255
penalty= 0
