Q_evap= 24.552363488711556
barrier= -227.194293308
penalty= 0
