Q_evap= 27.32448830202291
barrier= -235.116403475
penalty= 0
