Q_evap= 33.077589646321115
barrier= -222.694473862
penalty= 0
