Q_evap= 23.31914721073467
barrier= -243.420072296
penalty= 0
