Q_evap= 23.31914721073467
barrier= -247.617022901
penalty= 0
