Q_evap= 18.39570639963959
barrier= -248.099047075
penalty= 0
