Q_evap= 20.29214691670881
barrier= -242.923804174
penalty= 0
