Q_evap= 19.01751972989852
barrier= -257.830676563
penalty= 0
