Q_evap= 13.940365347023713
barrier= -258.344960984
penalty= 0
