Q_evap= 24.393517276669023
barrier= -257.313311302
penalty= 0
