Q_evap= 21.25139509467941
barrier= -252.630092981
penalty= 0
