Q_evap= 19.913565592287107
barrier= -263.289038045
penalty= 0
