Q_evap= 16.426664084618736
barrier= -258.636881404
penalty= 0
