Q_evap= 15.017370621714331
barrier= -270.044166193
penalty= 0
