Q_evap= 30.034741243428662
barrier= -268.549990446
penalty= 0
