Q_evap= 44.01547455160121
barrier= -257.185307345
penalty= 0
