Q_evap= 53.27314302097645
barrier= -249.916738998
penalty= 0
