Q_evap= 53.27314302097645
barrier= -246.276890205
penalty= 0
