Q_evap= 41.470867490051226
barrier= -251.126397513
penalty= 0
