Q_evap= 46.82965659380103
barrier= -245.569493317
penalty= 0
