Q_evap= 79.90971453146467
barrier= -246.985041162
penalty= 1075.21842399729
