Q_evap= 75.50564915496408
barrier= -242.10721469
penalty= 0
