Q_evap= 66.20066073061756
barrier= -237.383399096
penalty= 0
