Q_evap= 72.29866275940176
barrier= -235.668933592
penalty= 0
