Q_evap= 55.18711919891877
barrier= -248.508877997
penalty= 0
