Q_evap= 59.529262782297934
barrier= -243.652721541
penalty= 0
