Q_evap= 72.29866275940176
barrier= -231.526877583
penalty= 0
