Q_evap= 57.67860745243485
barrier= -238.272961992
penalty= 0
