Q_evap= 87.78896063311015
barrier= -232.942465555
penalty= 0
