Q_evap= 79.33050038253725
barrier= -229.78630233
penalty= 0
