Q_evap= 87.78896063311015
barrier= -228.793653064
penalty= 0
