Q_evap= 58.52597375540677
barrier= -235.955541228
penalty= 0
