Q_evap= 69.957441632204
barrier= -246.992725427
penalty= 0
