Q_evap= 73.15746719425844
barrier= -234.450417959
penalty= 0
