Q_evap= 78.78782400765088
barrier= -239.932983671
penalty= 0
