Q_evap= 81.7629212555887
barrier= -237.486182822
penalty= 0
