Q_evap= 93.60686007220212
barrier= -228.465929682
penalty= 1138.0578073237639
