Q_evap= 24.552363488711556
barrier= -222.429178392
penalty= 0
