Q_evap= 87.78896063311015
barrier= -230.895916437
penalty= 0
