Q_evap= 95.93268598305009
barrier= -231.711551444
penalty= 7659.517398270999
