Q_evap= 79.92190350448378
barrier= -234.283224454
penalty= 0
