Q_evap= 83.65313930721229
barrier= -231.337967449
penalty= 0
