Q_evap= 80.4732139136843
barrier= -233.696768562
penalty= 0
