Q_evap= 95.104707352536
barrier= -230.941957301
penalty= 1697.2065655535714
