Q_evap= 83.26490816008774
barrier= -236.42812071
penalty= 0
