Q_evap= 84.80061561838164
barrier= -235.205845985
penalty= 0
