Q_evap= 27.32448830202291
barrier= -226.086358802
penalty= 0
