Q_evap= 100.65515381625767
barrier= -244.381669773
penalty= 30.706907332094453
