Q_evap= 112.01611435173493
barrier= -244.823734102
penalty= 836.3401847711923
