Q_evap= 99.09117808038089
barrier= -246.162351126
penalty= 0
