Q_evap= 107.70780226128356
barrier= -245.270112612
penalty= 134.01208354680935
