Q_evap= 101.1162200687695
barrier= -247.358568399
penalty= 0
