Q_evap= 104.7799537098527
barrier= -244.638203163
penalty= 21.13134955552859
