Q_evap= 103.39949017083222
barrier= -245.224728403
penalty= 0
