Q_evap= 105.44718385065819
barrier= -245.469773832
penalty= 90.85459634555696
