Q_evap= 104.31977027453641
barrier= -246.161224536
penalty= 49.58215681067423
