Q_evap= 103.39949017083222
barrier= -245.716319986
penalty= 0
