Q_evap= 101.24533412560658
barrier= -245.939357894
penalty= 0
