Q_evap= 102.25605957545149
barrier= -246.534473038
penalty= 0
