Q_evap= 104.09110977772933
barrier= -245.176367819
penalty= 4.10858396271497
