Q_evap= 102.70506646185173
barrier= -246.256135472
penalty= 0
