Q_evap= 104.42088188116745
barrier= -245.591118956
penalty= 15.307983246903065
