Q_evap= 115.36287760642985
barrier= -229.255810893
penalty= 3432.89984994727
