Q_evap= 115.36287760642985
barrier= -224.920275163
penalty= 3435.7368387011497
