Q_evap= 29.773590816999654
barrier= -235.790931638
penalty= 0
