Q_evap= 46.63829442146934
barrier= -256.040985422
penalty= 0
