Q_evap= 48.787034553338046
barrier= -265.55263801
penalty= 0
