Q_evap= 59.54718163399931
barrier= -232.730205674
penalty= 0
