Q_evap= 46.63829442146934
barrier= -264.385122213
penalty= 0
