Q_evap= 51.35135332230237
barrier= -258.728333524
penalty= 0
