Q_evap= 97.16928313289199
barrier= -250.17119444
penalty= 0
