Q_evap= 89.32077245099896
barrier= -246.832415481
penalty= 0
