Q_evap= 80.97440261074333
barrier= -251.846041851
penalty= 0
