Q_evap= 102.68444733909331
barrier= -245.745839178
penalty= 3157.326242733455
