Q_evap= 97.16928313289199
barrier= -248.205992655
penalty= 0
