Q_evap= 89.45305881937398
barrier= -251.385071045
penalty= 0
