Q_evap= 105.26672339396633
barrier= -249.332805427
penalty= 474.244862862794
