Q_evap= 104.37547266170675
barrier= -244.6474385
penalty= 298.0903716346875
