Q_evap= 100.71426823215631
barrier= -249.891675174
penalty= 123.2704806460109
