Q_evap= 108.98840243571877
barrier= -246.470809129
penalty= 516.2080285198316
