Q_evap= 60.991883392997764
barrier= -226.324349025
penalty= 0
