Q_evap= 92.22095590714665
barrier= -248.747647488
penalty= 0
