Q_evap= 105.25375835687684
barrier= -244.630889687
penalty= 8.106701327995248
