Q_evap= 103.39949017083222
barrier= -244.729789443
penalty= 0
