Q_evap= 107.51486997892373
barrier= -245.239968913
penalty= 1079.5181368807355
