Q_evap= 105.23073813018189
barrier= -246.60875565
penalty= 344.5878218339546
