Q_evap= 99.0100652739506
barrier= -242.460860861
penalty= 0
