Q_evap= 76.90858507095325
barrier= -228.906081148
penalty= 0
