Q_evap= 97.33098582015158
barrier= -242.522702181
penalty= 0
