Q_evap= 105.69747378745619
barrier= -244.100147536
penalty= 25.904350986161166
