Q_evap= 102.00780974165416
barrier= -246.795992408
penalty= 0
