Q_evap= 101.37109970198698
barrier= -245.977075096
penalty= 0
