Q_evap= 102.4697523808077
barrier= -245.273806842
penalty= 0
