Q_evap= 105.55364621605794
barrier= -245.493238
penalty= 27.524684562769494
