Q_evap= 104.54660373725628
barrier= -244.904678636
penalty= 5.169501458874012
