Q_evap= 103.39949017083222
barrier= -245.470945213
penalty= 0
