Q_evap= 102.38292371685142
barrier= -245.84506981
penalty= 0
