Q_evap= 103.86080318663055
barrier= -245.938458554
penalty= 9.509797497655528
