Q_evap= 102.93581283645106
barrier= -245.494779332
penalty= 0
