Q_evap= 38.454292535476625
barrier= -232.874250563
penalty= 0
