Q_evap= 64.77952208859467
barrier= -241.056665966
penalty= 0
