Q_evap= 57.06476709734248
barrier= -249.292408223
penalty= 0
