Q_evap= 57.06476709734248
barrier= -253.711563621
penalty= 0
