Q_evap= 51.35135332230237
barrier= -250.336452291
penalty= 0
