Q_evap= 39.82713118457421
barrier= -272.586697752
penalty= 0
