Q_evap= 57.06476709734248
barrier= -257.950315189
penalty= 0
