Q_evap= 57.06476709734248
barrier= -262.103443226
penalty= 0
