Q_evap= 85.59715064601373
barrier= -259.170721991
penalty= 0
