Q_evap= 104.39305634671356
barrier= -245.691986301
penalty= 51.37859333537584
