Q_evap= 97.16928313289199
barrier= -246.185412791
penalty= 0
