Q_evap= 72.07637557706082
barrier= -220.268015505
penalty= 0
