Q_evap= 81.97346490606871
barrier= -252.660658048
penalty= 0
