Q_evap= 64.77952208859467
barrier= -253.518013205
penalty= 0
