Q_evap= 115.36287760642985
barrier= -237.413960365
penalty= 3427.288353596209
