Q_evap= 106.14942589863232
barrier= -243.564073169
penalty= 116.9461507418833
