Q_evap= 91.4796960174661
barrier= -254.643015903
penalty= 0
