Q_evap= 93.32597912004763
barrier= -248.479433369
penalty= 0
