Q_evap= 89.07184287181768
barrier= -251.008953027
penalty= 0
