Q_evap= 72.07637557706082
barrier= -224.903065097
penalty= 0
