Q_evap= 101.63308460787863
barrier= -246.828106552
penalty= 0.3634328884082856
