Q_evap= 98.84695296469846
barrier= -249.022653601
penalty= 0
