Q_evap= 98.84695296469846
barrier= -248.036091665
penalty= 0
