Q_evap= 94.87173472369838
barrier= -249.612430933
penalty= 0
