Q_evap= 102.89428933693395
barrier= -248.469732027
penalty= 147.95321126331143
