Q_evap= 96.9410551247216
barrier= -248.164369356
penalty= 0
