Q_evap= 100.60467917143271
barrier= -247.880990321
penalty= 0
