Q_evap= 96.01526606732844
barrier= -251.229025867
penalty= 0
