Q_evap= 97.76309440246378
barrier= -250.061422986
penalty= 0
