Q_evap= 99.36135820287286
barrier= -246.24984373
penalty= 0
