Q_evap= 101.53040486370143
barrier= -244.833864654
penalty= 0
