Q_evap= 108.0109802988552
barrier= -242.514981535
penalty= 139.9382385401336
