Q_evap= 117.01189532375979
barrier= -241.581818462
penalty= 1868.2523706432478
