Q_evap= 99.0100652739506
barrier= -243.447397567
penalty= 0
