Q_evap= 103.29688989927209
barrier= -240.433000139
penalty= 77.82997743856053
