Q_evap= 94.78286598992955
barrier= -246.608200767
penalty= 0
