Q_evap= 101.4970121282924
barrier= -241.36899999
penalty= 12.175372300012254
