Q_evap= 96.4826118271371
barrier= -245.538349383
penalty= 0
