Q_evap= 95.24601485485748
barrier= -243.862687365
penalty= 0
