Q_evap= 102.85015305260467
barrier= -243.116373847
penalty= 1105.7295340033093
